[1,2,-3;
 3,4,-3;
 2,-5,-4]\[2;12;6]
x=1;
y=2;